epoch次数：  0 训练次数： 0 测试误码率:  [0.14916146 0.06576432 0.01849089 0.0035013 ] 误帧率:  [0.48679167 0.23229167 0.072625   0.01504167] 

epoch次数：  1 训练次数： 400 测试误码率:  [0.13441276 0.05614974 0.0163138  0.0026875 ] 误帧率:  [0.46979167 0.22070833 0.07216667 0.01333333] 

epoch次数：  2 训练次数： 800 测试误码率:  [0.13055469 0.0535651  0.01431771 0.00235677] 误帧率:  [0.464875   0.21670833 0.06533333 0.011875  ] 

epoch次数：  3 训练次数： 1200 测试误码率:  [0.1250599  0.05176693 0.01300911 0.00218099] 误帧率:  [0.45383333 0.209125   0.06116667 0.01033333] 

epoch次数：  4 训练次数： 1600 测试误码率:  [0.12257161 0.04956641 0.01215104 0.00206771] 误帧率:  [0.45079167 0.20225    0.05875    0.01054167] 

epoch次数：  5 训练次数： 2000 测试误码率:  [0.12326302 0.04759375 0.01283464 0.00161589] 误帧率:  [0.44729167 0.19720833 0.05754167 0.00870833] 

epoch次数：  6 训练次数： 2400 测试误码率:  [0.12110807 0.04871484 0.0114362  0.00159375] 误帧率:  [0.44158333 0.19770833 0.055625   0.00858333] 

epoch次数：  7 训练次数： 2800 测试误码率:  [0.11899219 0.04590365 0.01142057 0.00156901] 误帧率:  [0.431      0.18879167 0.05433333 0.0085    ] 

epoch次数：  8 训练次数： 3200 测试误码率:  [0.1171901  0.04612891 0.01107292 0.00188672] 误帧率:  [0.42883333 0.19241667 0.05216667 0.00933333] 

epoch次数：  9 训练次数： 3600 测试误码率:  [0.1185     0.04643229 0.01077995 0.00171354] 误帧率:  [0.431375   0.1885     0.05075    0.00829167] 

epoch次数：  10 训练次数： 4000 测试误码率:  [0.11754948 0.04584635 0.01123177 0.00157292] 误帧率:  [0.42641667 0.187125   0.05304167 0.00766667] 

epoch次数：  11 训练次数： 4400 测试误码率:  [0.11577474 0.04619271 0.01135026 0.00155078] 误帧率:  [0.41966667 0.186375   0.05095833 0.00766667] 

epoch次数：  12 训练次数： 4800 测试误码率:  [0.11523568 0.04604167 0.01039844 0.00164323] 误帧率:  [0.418375   0.18479167 0.04820833 0.00875   ] 

epoch次数：  13 训练次数： 5200 测试误码率:  [0.11410677 0.04539583 0.01119661 0.00163021] 误帧率:  [0.4175     0.182375   0.05083333 0.00866667] 

epoch次数：  14 训练次数： 5600 测试误码率:  [0.11424609 0.04515495 0.01113151 0.00164974] 误帧率:  [0.41404167 0.18216667 0.05104167 0.0085    ] 

epoch次数：  15 训练次数： 6000 测试误码率:  [0.11552214 0.04464974 0.01079948 0.00161458] 误帧率:  [0.41958333 0.18416667 0.051      0.00841667] 

epoch次数：  16 训练次数： 6400 测试误码率:  [0.11574609 0.0441862  0.01060026 0.00166016] 误帧率:  [0.42166667 0.18141667 0.0475     0.0085    ] 

epoch次数：  17 训练次数： 6800 测试误码率:  [0.11370052 0.04383724 0.01107292 0.00180729] 误帧率:  [0.41525  0.180625 0.05     0.009125] 

epoch次数：  18 训练次数： 7200 测试误码率:  [0.11253385 0.04483984 0.0105013  0.0016237 ] 误帧率:  [0.41129167 0.18325    0.05016667 0.0085    ] 

epoch次数：  19 训练次数： 7600 测试误码率:  [0.11447266 0.04322266 0.01045052 0.00139844] 误帧率:  [0.41583333 0.17833333 0.048      0.00729167] 

epoch次数：  20 训练次数： 8000 测试误码率:  [0.1128763  0.04452214 0.01058594 0.00157813] 误帧率:  [0.411      0.179875   0.04983333 0.00833333] 

epoch次数：  21 训练次数： 8400 测试误码率:  [0.1116237  0.04338932 0.01037109 0.00160286] 误帧率:  [0.40820833 0.179875   0.04720833 0.00833333] 

epoch次数：  22 训练次数： 8800 测试误码率:  [0.11528255 0.04404167 0.01016536 0.00153646] 误帧率:  [0.41341667 0.178125   0.048375   0.007625  ] 

epoch次数：  23 训练次数： 9200 测试误码率:  [0.1150599  0.04306771 0.0098763  0.0013737 ] 误帧率:  [0.41495833 0.17558333 0.04666667 0.00754167] 

epoch次数：  24 训练次数： 9600 测试误码率:  [0.11577734 0.04420443 0.01065885 0.00157292] 误帧率:  [0.413125   0.18066667 0.04804167 0.008625  ] 

训练次数  10000 总共花费时间  22.58133266369502  分钟 
